200
-0.8194302518703208 -10.478314314935123
-0.524274355636733 -10.032604397364944
-0.14480916760206627 -9.678132130689285
0.27433688298520587 -9.382953156287204
0.7163434669768427 -9.13268601887572
1.1754978219803693 -8.925603904796308
1.6480882746755199 -8.761645827824271
2.1309472243508356 -8.643280600685273
2.6211616363778782 -8.586869472215854
3.1104186802730927 -8.630629347184414
3.5721166995100884 -8.819825556809878
3.9589054043488083 -9.165260568485191
4.278190172059219 -9.589941532280509
4.548566306282145 -10.05760084386865
4.789111288768605 -10.546690037190304
5.017912289291749 -11.04331554676006
5.25967020429142 -11.5310415850223
5.537057387930223 -11.992123419339507
5.860541996861278 -12.412143454443694
6.232164552942204 -12.779863284372796
6.640608345909812 -13.09588825387565
7.082173682024215 -13.349145975046309
7.541852143669253 -13.555113396463218
8.014055256598867 -13.71985074186193
8.495365845510404 -13.846379088113963
8.983227268291651 -13.936566420694271
9.475581033714425 -13.9886847965698
9.970093120201861 -14.0
10.463954316155458 -13.971186267580126
10.954864542142754 -13.905480386717201
11.440438863370282 -13.800362722831645
11.9156438594828 -13.645956895646277
12.374882071548969 -13.43981555055153
12.804298116563954 -13.164061818089708
13.183104427677863 -12.80989448253753
13.496534175478818 -12.38413044856659
13.734923831795708 -11.900738949755903
13.89471346465972 -11.376299204226571
13.98010191699313 -10.82826795411061
13.999999999999998 -10.270536506144362
13.964328802829547 -9.71229571026445
13.86553919324728 -9.163490838594472
13.726015017188379 -8.626996149316867
13.553920358680044 -8.102986695484002
13.35293095230141 -7.592002318121896
13.119820297737494 -7.098688699365502
12.855405003050691 -6.625933649891636
12.564878216334606 -6.173503389172299
12.251417521284344 -5.74106644578252
11.91391580501336 -5.331884453369013
11.544830923375715 -4.958964136066398
11.153413109019493 -4.616333926039843
10.748406457321835 -4.294535029245154
10.334256390901123 -3.98788330366574
9.91553611456643 -3.689128447153581
9.49658622960784 -3.39074656658042
9.081389946500833 -3.0858479126173886
8.674367730404677 -2.7673724827250066
8.281233841159391 -2.4276159661936254
7.908333463171543 -2.059934534998591
7.560815819406685 -1.6616397130678797
7.263558505115227 -1.2143961048840448
7.008210754475754 -0.7356265713431539
6.800933066697347 -0.22835868322028563
6.650526440163938 0.30310492486351914
6.568006099032552 0.8521526120577511
6.571981323121121 1.4071701730250183
6.685923105284075 1.9444384838566398
6.91497068550332 2.4355712803928804
7.221756757686638 2.8720677605358143
7.58239104366639 3.2548573995247914
7.978897184787915 3.59006366606912
8.386678107641307 3.9075167296669426
8.796442649345524 4.221778180838999
9.19878184781248 4.5477393874692025
9.58191478403936 4.901103737729548
9.922237691489224 5.303138483421024
10.189442231807233 5.7674582345197845
10.359178909577947 6.286675752215873
10.42943815019306 6.838672236311618
10.472266148340648 7.396631817933209
10.457867691025372 7.954048170405192
10.4107729656667 8.511157333004633
10.312070208042169 9.05731156264939
10.178090581101277 9.595370435652999
9.995695480065104 10.113350158862662
9.774590361636077 10.613218102712096
9.518742463515848 11.090303174139388
9.212372681750645 11.52939947445363
8.89047636551796 11.952954451841132
8.519112368713515 12.323328311919049
8.133276040514797 12.671587889297419
7.715971351261369 12.971834367221938
7.28214282747404 13.238105871118037
6.830933929155827 13.465776482905062
6.36534354459454 13.651517935838942
5.888998491749438 13.799016508390205
5.404223807512102 13.906523928784225
4.913574137398014 13.969189533408594
4.4197029584607685 14.0
3.9264656989851616 13.977631608030887
3.4335888252192412 13.92499371987091
2.9485086616822813 13.822513145516197
2.4684070120904984 13.688135646270862
1.9944189416846505 13.528567448102416
1.5274459138881378 13.344139457748566
1.0653515702003231 13.143260997970192
0.605110068277547 12.936923141706979
0.1451570745821934 12.729789076399122
-0.3160874676225991 12.526386464543044
-0.7793166269765817 12.328923233347655
-1.2456836876656705 12.1410325806805
-1.7180335504549082 11.973500033316549
-2.195654428610204 11.827212150262959
-2.6785305989323125 11.70647636598253
-3.1665310347608555 11.617607013480375
-3.6589055148746987 11.568696061274053
-4.152824362558862 11.574351968927358
-4.642166261815084 11.650506822954892
-5.117940787144712 11.798260634150253
-5.569847496019909 12.021519909017588
-6.005239355046489 12.287740591059775
-6.446564600404161 12.540342145627683
-6.90217599451107 12.757359367459912
-7.370017042735761 12.938169971189655
-7.847237104097597 13.084355081160888
-8.331669871144994 13.196043446070188
-8.821442036996437 13.272013082674572
-9.314646352626006 13.30966981767539
-9.808954786247027 13.304901598403774
-10.301152817124894 13.25186391165968
-10.784231392440462 13.134089347400607
-11.249030126398477 12.947356303628148
-11.681330255389321 12.68206396745078
-12.066789226806149 12.337940159606436
-12.41009405147162 11.937873913723207
-12.718711002855953 11.501483594786226
-12.990678424672344 11.034534659778343
-13.222840695789715 10.540350857945496
-13.42676010786899 10.030908076818765
-13.603801334774827 9.50852266356207
-13.748508675943686 8.972915662666153
-13.854447100116168 8.42621368637366
-13.932372273874455 7.87389194241287
-13.983165694674652 7.317543978247602
-13.999999999999998 6.758508102697576
-13.977623142153371 6.199847179491979
-13.916453408149614 5.645238452105081
-13.81837159210798 5.0977978648690465
-13.679383502270968 4.5614906517636555
-13.492156637149241 4.043024168130954
-13.236742000519328 3.5637373810546777
-12.92693008599235 3.1305324629835396
-12.570756197106453 2.7457613363792026
-12.183112948867477 2.3996430531123867
-11.773066887024392 2.0868712469472603
-11.349150467701 1.7979066559042651
-10.91867123492752 1.5215854127404096
-10.484158876760315 1.2532426359537028
-10.046429002963412 0.9916224610652165
-9.6094109159006 0.728487230242843
-9.173110605362066 0.4638290378648626
-8.744089886499536 0.1844398487864306
-8.323164369077038 -0.10969445417409567
-7.913528607861877 -0.4232760218782434
-7.529183238270965 -0.7744138102499128
-7.193841340512191 -1.1817441931191728
-6.947864117473761 -1.656542281120359
-6.850018398995397 -2.189173662469642
-6.9457132836468345 -2.730007691040559
-7.17364227054834 -3.223428600377437
-7.4811131754099 -3.661452559574103
-7.825309480515123 -4.0631078354230254
-8.188130539062932 -4.4438493536992905
-8.554844462084217 -4.820053327451981
-8.911387721365085 -5.208159779391206
-9.234728575331612 -5.629228438747807
-9.503484471308495 -6.094570273797495
-9.696712107900936 -6.600647518820623
-9.769997190859707 -7.1454295584097185
-9.699948591199563 -7.693642637825238
-9.488668725276739 -8.19518205598116
-9.191789766065535 -8.637925106657324
-8.837912961717004 -9.025136811624039
-8.445972039017635 -9.36414794096469
-8.02787070766911 -9.662266677272031
-7.589120572943397 -9.920231631489608
-7.134381691607309 -10.140651658784977
-6.669784613918981 -10.33247253482144
-6.197346900873642 -10.498238740418266
-5.71821160409897 -10.63866065215571
-5.231197237480242 -10.739242747923122
-4.740214135712316 -10.806358088201247
-4.246243126938593 -10.835701497276352
-3.751330473232287 -10.841839647854568
-3.2564078365423335 -10.832485038610896
-2.761825619594771 -10.809454833166374
-2.2678825631752617 -10.772919567075247
-1.7750496145373917 -10.721252941012285
-1.2865245729181547 -10.641845488334287
